8000 epochs

(venv) dwalone@DESKTOP-V7A8LNC:~/Differentiable-Patterning$ PYTHONPATH=. python demo/schnakenberg_nca_batch_inference.py --model models/demo/2025-07-dT01-13_TI32_LE5e-4_LOspectral_full.eqx --mix "0:4,1:1,2:3,3:3,4:3"
 Evaluating on 14 trajectories  →  {0: 4, 1: 1, 2: 3, 3: 3, 4: 3}

 Per-trajectory squared error: [[0.00000000e+00 4.56545968e-03 5.83666787e-02 6.17645271e-02
  6.91878349e-02 7.47664720e-02 8.03585351e-02 8.47669318e-02]
 [0.00000000e+00 5.63015230e-03 6.20722026e-02 6.21488094e-02
  6.85900673e-02 7.39478469e-02 7.97455609e-02 8.37827399e-02]
 [0.00000000e+00 4.80642077e-03 7.15829581e-02 7.22359717e-02
  7.56639615e-02 7.72346631e-02 7.94291496e-02 8.17293450e-02]
 [0.00000000e+00 5.25399996e-03 6.11262992e-02 6.27815425e-02
  6.79677874e-02 7.37616718e-02 8.04113671e-02 8.44829530e-02]
 [0.00000000e+00 7.57833986e-05 2.05634162e-02 5.94638139e-02
  7.40135461e-02 1.03176132e-01 1.18618645e-01 1.15117788e-01]
 [0.00000000e+00 1.41530400e-04 3.24314721e-02 6.86256140e-02
  9.70142186e-02 1.37426287e-01 1.37107193e-01 1.34576395e-01]
 [0.00000000e+00 1.46655206e-04 3.09709199e-02 6.62017316e-02
  8.57315361e-02 9.94882584e-02 1.02911770e-01 9.85268205e-02]
 [0.00000000e+00 1.69296196e-04 2.77863611e-02 6.65572956e-02
  8.81377459e-02 1.20894939e-01 1.26998067e-01 1.27065718e-01]
 [0.00000000e+00 3.79188365e-04 3.52946036e-02 6.92158192e-02
  9.63030308e-02 1.28469050e-01 1.27403915e-01 1.27721399e-01]
 [0.00000000e+00 1.66101207e-04 3.49119604e-02 6.95224255e-02
  9.57775116e-02 1.03796661e-01 1.00130707e-01 9.65841264e-02]
 [0.00000000e+00 2.34306499e-04 3.73819955e-02 7.25034177e-02
  1.02685012e-01 1.43529087e-01 1.39500022e-01 1.39928281e-01]
 [0.00000000e+00 2.53404840e-04 4.40548025e-02 7.69465566e-02
  1.08193338e-01 1.13354325e-01 1.09889373e-01 1.10076353e-01]
 [0.00000000e+00 2.74756923e-04 4.42472175e-02 7.90429115e-02
  9.86415744e-02 1.01403005e-01 9.83348489e-02 9.90693197e-02]
 [0.00000000e+00 2.94934871e-04 4.75488864e-02 8.40129331e-02
  1.14111170e-01 1.20173328e-01 1.15573809e-01 1.13492407e-01]]
 Batch-mean squared error: 6.5255e-02

 (venv) dwalone@DESKTOP-V7A8LNC:~/Differentiable-Patterning$ PYTHONPATH=. python demo/schnakenberg_nca_batch_inference.py --model models/demo/2025-07-dT01-40_TI32_LE5e-4_LOspectral.eqx --mix "0:4,1:1,2:3,3:3,4:3"
 Evaluating on 14 trajectories  →  {0: 4, 1: 1, 2: 3, 3: 3, 4: 3}

 Per-trajectory squared error: [[0.00000000e+00 2.85567343e-03 3.49342637e-02 6.47323728e-02
  8.88173357e-02 1.12173080e-01 1.33322656e-01 1.51218966e-01]
 [0.00000000e+00 3.50394961e-03 3.72026563e-02 6.48321956e-02
  8.30405802e-02 9.77346376e-02 1.10055052e-01 1.21097937e-01]
 [0.00000000e+00 3.09648947e-03 3.50573957e-02 5.77954575e-02
  7.85086304e-02 9.94199291e-02 1.20645836e-01 1.40566736e-01]
 [0.00000000e+00 3.30283586e-03 3.36173773e-02 6.09621853e-02
  8.65509212e-02 1.09922916e-01 1.30423456e-01 1.46271288e-01]
 [0.00000000e+00 6.37229532e-05 1.86338443e-02 4.06995118e-02
  3.88457477e-02 5.69330528e-02 7.40332976e-02 9.27737057e-02]
 [0.00000000e+00 1.16371753e-04 2.90801134e-02 4.14671972e-02
  6.06036335e-02 8.35160613e-02 9.81851667e-02 1.09475128e-01]
 [0.00000000e+00 1.20911820e-04 2.74913795e-02 4.32379693e-02
  5.43685853e-02 7.15458393e-02 8.40675533e-02 9.84075740e-02]
 [0.00000000e+00 1.37766096e-04 2.36030277e-02 3.71876806e-02
  5.20319901e-02 7.84199610e-02 1.01317972e-01 1.20601654e-01]
 [0.00000000e+00 2.70608667e-04 2.59738974e-02 5.07267490e-02
  7.25984499e-02 8.43599662e-02 9.38257799e-02 1.01584323e-01]
 [0.00000000e+00 1.36535484e-04 3.04460134e-02 4.53205258e-02
  6.70180395e-02 8.16292167e-02 9.09187794e-02 9.78918746e-02]
 [0.00000000e+00 1.92239357e-04 3.20099592e-02 3.64431068e-02
  5.10763340e-02 6.79351464e-02 8.08724687e-02 9.21027362e-02]
 [0.00000000e+00 2.05407487e-04 3.93168405e-02 4.35430855e-02
  6.42209128e-02 8.30630511e-02 9.98757258e-02 1.17875770e-01]
 [0.00000000e+00 2.18314934e-04 3.86794098e-02 4.87658121e-02
  6.85386062e-02 8.31606239e-02 9.61060077e-02 1.06769927e-01]
 [0.00000000e+00 2.40741472e-04 4.09899056e-02 4.19246666e-02
  6.44684434e-02 8.48695412e-02 1.03558041e-01 1.19387083e-01]]
 Batch-mean squared error: 5.6230e-02

 (venv) dwalone@DESKTOP-V7A8LNC:~/Differentiable-Patterning$ PYTHONPATH=. python demo/schnakenberg_nca_batch_inference.py --model models/demo/2025-07-dT02-02_TI32_LE5e-4_LOl1.eqx --mix "0:4,1:1,2:3,3:3,4:3"
 Evaluating on 14 trajectories  →  {0: 4, 1: 1, 2: 3, 3: 3, 4: 3}

 Per-trajectory squared error: [[0.00000000e+00 2.95488373e-03 1.08460970e-02 1.07142096e-02
  1.12536578e-02 1.17940661e-02 1.25611350e-02 1.32924514e-02]
 [0.00000000e+00 3.72986821e-03 2.60783620e-02 2.83806045e-02
  3.04110143e-02 3.21020670e-02 3.35050300e-02 3.46787125e-02]
 [0.00000000e+00 3.17792734e-03 1.43452240e-02 1.39489155e-02
  1.41906943e-02 1.39611661e-02 1.41041894e-02 1.47330500e-02]
 [0.00000000e+00 3.44783021e-03 1.41860796e-02 1.66079588e-02
  1.90210417e-02 2.23661177e-02 2.58980915e-02 2.86535043e-02]
 [0.00000000e+00 4.61352247e-05 1.16053764e-02 1.17041394e-02
  7.57892150e-03 1.78990904e-02 2.90533993e-02 3.92945744e-02]
 [0.00000000e+00 7.32439803e-05 1.66289471e-02 9.66480281e-03
  1.10267438e-02 1.14829503e-02 1.11105684e-02 1.21787833e-02]
 [0.00000000e+00 7.74207583e-05 1.56867988e-02 8.51147808e-03
  9.35816113e-03 1.20202834e-02 1.39539931e-02 1.61793455e-02]
 [0.00000000e+00 8.55889521e-05 1.35681648e-02 1.06017403e-02
  9.71134845e-03 1.61452200e-02 2.11085044e-02 2.34538168e-02]
 [0.00000000e+00 1.90644249e-04 1.64975133e-02 1.03858486e-02
  1.16250096e-02 1.61032267e-02 2.10568421e-02 2.58075632e-02]
 [0.00000000e+00 8.75739715e-05 1.74106341e-02 1.63058005e-02
  2.63203233e-02 2.79675331e-02 2.90747322e-02 3.19394730e-02]
 [0.00000000e+00 1.13952337e-04 1.69827379e-02 1.17723644e-02
  1.68843996e-02 2.10661199e-02 2.52210461e-02 2.99084168e-02]
 [0.00000000e+00 1.23211445e-04 1.94559656e-02 1.13210473e-02
  1.55090271e-02 2.00556070e-02 2.45682932e-02 2.90504172e-02]
 [0.00000000e+00 1.27404608e-04 1.82822924e-02 1.00192558e-02
  1.31177083e-02 1.44186383e-02 1.68613642e-02 2.08169632e-02]
 [0.00000000e+00 1.42730278e-04 1.91353038e-02 1.03799785e-02
  1.44856749e-02 1.90956052e-02 2.29707919e-02 2.78045163e-02]]
 Batch-mean squared error: 1.3761e-02

 (venv) dwalone@DESKTOP-V7A8LNC:~/Differentiable-Patterning$ PYTHONPATH=. python demo/schnakenberg_nca_batch_inference.py --model models/demo/2025-07-dT02-22_TI32_LE5e-4_LOl2.eqx --mix "0:4,1:1,2:3,3:3,4:3"
 Evaluating on 14 trajectories  →  {0: 4, 1: 1, 2: 3, 3: 3, 4: 3}

 Per-trajectory squared error: [[0.0000000e+00 3.4638699e-03 1.9964766e-02 2.2567619e-02 2.3562629e-02
  2.3561185e-02 2.3018185e-02 2.2642845e-02]
 [0.0000000e+00 4.3497905e-03 2.5402728e-02 2.9496964e-02 3.3381473e-02
  3.7106600e-02 3.9498966e-02 4.1062132e-02]
 [0.0000000e+00 3.7333821e-03 2.2486180e-02 1.9319568e-02 2.1279894e-02
  2.3012724e-02 2.4872810e-02 2.7371326e-02]
 [0.0000000e+00 4.0551666e-03 1.4978962e-02 1.8245891e-02 2.2177871e-02
  2.6356068e-02 3.0612763e-02 3.4796722e-02]
 [0.0000000e+00 5.3663771e-05 1.3020697e-02 1.5400696e-02 7.7367425e-03
  1.2770133e-02 1.9452231e-02 2.7126793e-02]
 [0.0000000e+00 9.2790433e-05 1.9600911e-02 1.6641654e-02 1.9471070e-02
  2.3390779e-02 2.3444593e-02 2.3200843e-02]
 [0.0000000e+00 9.7196971e-05 1.8081967e-02 1.2956992e-02 1.4737210e-02
  1.8751901e-02 2.2056149e-02 2.5754889e-02]
 [0.0000000e+00 1.0838042e-04 1.5649833e-02 1.4954895e-02 1.5889630e-02
  2.4620045e-02 3.0954160e-02 3.4214936e-02]
 [0.0000000e+00 2.5034498e-04 1.9200640e-02 1.4982976e-02 1.8273819e-02
  2.3555815e-02 2.7075820e-02 3.0777596e-02]
 [0.0000000e+00 1.1148121e-04 2.0205528e-02 2.5329044e-02 3.6909349e-02
  3.7631974e-02 3.5944685e-02 3.4818303e-02]
 [0.0000000e+00 1.5035731e-04 2.0472765e-02 1.4960096e-02 1.8174060e-02
  2.2615448e-02 2.5147645e-02 2.7978629e-02]
 [0.0000000e+00 1.5922359e-04 2.3196610e-02 1.7927203e-02 2.2723733e-02
  2.6773484e-02 3.1656977e-02 3.6460251e-02]
 [0.0000000e+00 1.6907188e-04 2.2115754e-02 1.6379785e-02 2.0678438e-02
  2.3150811e-02 2.4395796e-02 2.5342532e-02]
 [0.0000000e+00 1.8852179e-04 2.4098035e-02 1.7377216e-02 2.1073606e-02
  2.4313793e-02 2.7550168e-02 3.1859435e-02]]
 Batch-mean squared error: 1.7900e-02

 (venv) dwalone@DESKTOP-V7A8LNC:~/Differentiable-Patterning$ PYTHONPATH=. python demo/schnakenberg_nca_batch_inference.py --model models/demo/2025-07-dT02-43_TI32_LE5e-4_LOeuclidean.eqx --mix "0:4,1:1,2:3,3:3,4:3"
 Evaluating on 14 trajectories  →  {0: 4, 1: 1, 2: 3, 3: 3, 4: 3}

 Per-trajectory squared error: [[0.00000000e+00 4.86851297e-03 3.53151783e-02 4.23921198e-02
  5.16614579e-02 5.92631660e-02 6.45105615e-02 6.92438930e-02]
 [0.00000000e+00 6.08626707e-03 3.97053957e-02 4.89596352e-02
  5.54870963e-02 6.30762577e-02 6.99853450e-02 7.57553726e-02]
 [0.00000000e+00 5.19748405e-03 3.92030105e-02 3.56534421e-02
  4.09619696e-02 4.69205305e-02 5.34820408e-02 5.99496774e-02]
 [0.00000000e+00 5.76390699e-03 3.46122459e-02 2.77259890e-02
  2.98728757e-02 3.49609293e-02 4.06093374e-02 4.60004732e-02]
 [0.00000000e+00 6.01776919e-05 1.00432876e-02 1.49031598e-02
  1.10961823e-02 1.92251615e-02 3.10613513e-02 4.28200439e-02]
 [0.00000000e+00 9.37739387e-05 1.37537289e-02 9.52608883e-03
  8.48166272e-03 7.28018209e-03 6.87196432e-03 7.86051713e-03]
 [0.00000000e+00 9.75864241e-05 1.29617704e-02 9.55590233e-03
  8.27015750e-03 1.01093380e-02 1.10073276e-02 1.18608568e-02]
 [0.00000000e+00 1.12119524e-04 1.20042739e-02 1.28163770e-02
  1.00284759e-02 1.39760142e-02 1.78467892e-02 2.08422747e-02]
 [0.00000000e+00 2.72378646e-04 1.53850699e-02 1.03053097e-02
  1.06386105e-02 1.35313924e-02 1.69423372e-02 2.08610594e-02]
 [0.00000000e+00 1.09720364e-04 1.25500225e-02 1.16320848e-02
  1.78703032e-02 1.93512961e-02 2.08036005e-02 2.28313245e-02]
 [0.00000000e+00 1.46196398e-04 1.37395523e-02 1.07507035e-02
  1.58696976e-02 1.88755989e-02 2.19837204e-02 2.54639350e-02]
 [0.00000000e+00 1.56816765e-04 1.52044492e-02 8.26309621e-03
  9.95141268e-03 1.20364260e-02 1.48969218e-02 1.66763049e-02]
 [0.00000000e+00 1.64050347e-04 1.45532964e-02 6.63260231e-03
  6.46206504e-03 5.37224486e-03 5.32847270e-03 6.90560928e-03]
 [0.00000000e+00 1.77479698e-04 1.43383490e-02 6.31495286e-03
  7.49118812e-03 9.41995345e-03 1.28303263e-02 1.77227799e-02]]
 Batch-mean squared error: 1.7970e-02


 loss functions of euclidean looks it could keep going! l1 seems to plateua. l2 becomes erratic. focus on l1 and euclidean for longer epochs (lets take 15,000)

 #########################################################################################################################
 #########################################################################################################################
 #########################################################################################################################
 #########################################################################################################################
 #########################################################################################################################
 #########################################################################################################################

 (venv) dwalone@DESKTOP-V7A8LNC:~/Differentiable-Patterning$ PYTHONPATH=. python demo/schnakenberg_nca_batch_inference.py --model models/demo/2025-07-dT15-58_TI32_LE5e-4_FI1.0_ST1.0_LOl1.eqx --mix "0:4,1:1,2:3,3:3,4:3"
 Evaluating on 14 trajectories  →  {0: 4, 1: 1, 2: 3, 3: 3, 4: 3}

 Per-trajectory squared error: [[0.00000000e+00 2.51210411e-03 9.83254053e-03 1.01643754e-02
  9.15586948e-03 8.06296244e-03 7.50151323e-03 7.32724648e-03]
 [0.00000000e+00 3.14950314e-03 1.08359084e-02 1.46811157e-02
  1.97943747e-02 2.33597811e-02 2.48866491e-02 2.54417583e-02]
 [0.00000000e+00 2.64018844e-03 8.30877945e-03 8.27705115e-03
  8.70729610e-03 9.02704522e-03 9.21249203e-03 9.36907716e-03]
 [0.00000000e+00 2.90451525e-03 9.31669306e-03 1.18540376e-02
  1.33474842e-02 1.49944872e-02 1.66114978e-02 1.83365382e-02]
 [0.00000000e+00 3.18646453e-05 8.72329436e-03 6.28678873e-03
  7.33299972e-03 1.30698597e-02 1.94108523e-02 2.56299097e-02]
 [0.00000000e+00 5.73383149e-05 1.25508988e-02 5.99258253e-03
  6.89580059e-03 6.49930304e-03 5.44029288e-03 5.92299365e-03]
 [0.00000000e+00 6.06515678e-05 1.18475035e-02 4.90054255e-03
  5.89332683e-03 7.14659691e-03 7.22176721e-03 8.09010305e-03]
 [0.00000000e+00 6.69845249e-05 9.75161232e-03 6.25589443e-03
  5.93395066e-03 9.51511599e-03 1.15157356e-02 1.13081429e-02]
 [0.00000000e+00 1.91661224e-04 1.23970099e-02 7.24882586e-03
  9.14213434e-03 1.27497176e-02 1.61311142e-02 1.99013893e-02]
 [0.00000000e+00 7.41235417e-05 1.28604937e-02 1.56626664e-02
  1.99922584e-02 1.86874252e-02 1.87452883e-02 1.95353180e-02]
 [0.00000000e+00 9.37057048e-05 1.23941302e-02 8.25249404e-03
  1.18711712e-02 1.54986493e-02 1.81391612e-02 2.06596553e-02]
 [0.00000000e+00 1.03237282e-04 1.45510696e-02 9.72642377e-03
  1.21448990e-02 1.47975758e-02 1.79680753e-02 2.12924220e-02]
 [0.00000000e+00 1.06053412e-04 1.33025693e-02 6.77667465e-03
  7.90083315e-03 1.02394521e-02 1.27564948e-02 1.60452928e-02]
 [0.00000000e+00 1.20816432e-04 1.38397571e-02 7.87937641e-03
  9.60437302e-03 1.32155512e-02 1.71832182e-02 2.09926218e-02]]
 Batch-mean squared error: 9.4084e-03

 (venv) dwalone@DESKTOP-V7A8LNC:~/Differentiable-Patterning$ PYTHONPATH=. python demo/schnakenberg_nca_batch_inference.py --model models/demo/2025-07-dT16-51_TI32_LE5e-4_FI1.0_ST1.0_LOeuclidean.eqx --mix "0:4,1:1,2:3,3:3,4:3"
 Evaluating on 14 trajectories  →  {0: 4, 1: 1, 2: 3, 3: 3, 4: 3}

 Per-trajectory squared error: [[0.00000000e+00 2.78702611e-03 9.72174853e-03 1.01085128e-02
  1.14113381e-02 1.34150647e-02 1.51348747e-02 1.64101198e-02]
 [0.00000000e+00 3.48189939e-03 1.50384950e-02 1.93029400e-02
  2.31764894e-02 2.70214472e-02 2.95942500e-02 3.16377990e-02]
 [0.00000000e+00 2.86066765e-03 1.12599693e-02 1.09134428e-02
  1.17582101e-02 1.31377559e-02 1.43595934e-02 1.55117912e-02]
 [0.00000000e+00 3.24654765e-03 9.32681467e-03 1.11579169e-02
  1.26981735e-02 1.50939627e-02 1.76353380e-02 2.03742925e-02]
 [0.00000000e+00 4.87496036e-05 9.85640660e-03 1.13329384e-02
  4.52820770e-03 7.55634625e-03 1.18507249e-02 1.62367802e-02]
 [0.00000000e+00 8.17986293e-05 1.41261751e-02 6.52577914e-03
  6.06406666e-03 5.03921928e-03 4.50197794e-03 5.12927817e-03]
 [0.00000000e+00 8.51802251e-05 1.33448057e-02 7.49177858e-03
  7.59533653e-03 1.00992043e-02 1.10257063e-02 1.17822010e-02]
 [0.00000000e+00 9.82989659e-05 1.18550379e-02 1.02745164e-02
  6.79970719e-03 9.64349415e-03 1.28815472e-02 1.47786792e-02]
 [0.00000000e+00 2.69942335e-04 1.83098689e-02 1.39984582e-02
  1.70335788e-02 2.48173811e-02 3.43878567e-02 4.35260460e-02]
 [0.00000000e+00 9.38909361e-05 1.31949009e-02 9.81619675e-03
  9.39688645e-03 7.20179407e-03 6.51895069e-03 7.70663656e-03]
 [0.00000000e+00 1.31826178e-04 1.42491013e-02 9.18175839e-03
  1.45134861e-02 1.90057028e-02 2.38428079e-02 2.76248381e-02]
 [0.00000000e+00 1.40498436e-04 1.62333958e-02 6.86967699e-03
  9.38374083e-03 1.21909883e-02 1.52384676e-02 1.77034028e-02]
 [0.00000000e+00 1.49623345e-04 1.56300776e-02 6.31125737e-03
  7.95320235e-03 8.72015581e-03 1.08219460e-02 1.55624393e-02]
 [0.00000000e+00 1.61860487e-04 1.56037593e-02 7.03507895e-03
  8.43429007e-03 1.03835976e-02 1.26473121e-02 1.54692046e-02]]
 Batch-mean squared error: 1.0319e-02

 isnt conclusive enough. we'll use both loss functions for the next hyperparameter adjustments

#########################################################################################################################
#########################################################################################################################
#########################################################################################################################
#########################################################################################################################
#########################################################################################################################
#########################################################################################################################
 
(venv) dwalone@DESKTOP-V7A8LNC:~/Differentiable-Patterning$ PYTHONPATH=. python demo/schnakenberg_nca_batch_inference.py --model models/demo/2025-07-dT18-18_TI32_LE5e-4_FI0.5_ST1.0_LOl1.eqx --mix "0:4,1:1,2:3,3:3,4:3"
 Evaluating on 14 trajectories  →  {0: 4, 1: 1, 2: 3, 3: 3, 4: 3}

 Per-trajectory squared error: [[0.0000000e+00 4.7473554e-03 5.4885767e-02 5.8340006e-02 5.9244700e-02
  6.2346034e-02 6.4886637e-02 6.6097826e-02]
 [0.0000000e+00 5.8059702e-03 4.2752832e-02 4.5359805e-02 5.1487505e-02        
  5.8076106e-02 6.4021245e-02 6.7827143e-02]
 [0.0000000e+00 4.9018804e-03 4.7975443e-02 5.1211432e-02 5.3360753e-02        
  5.7563409e-02 6.2903188e-02 6.6166855e-02]
 [0.0000000e+00 5.4609440e-03 4.5692347e-02 4.6746261e-02 5.2086569e-02        
  5.7707131e-02 6.2226206e-02 6.5600067e-02]
 [0.0000000e+00 8.3856306e-05 1.9970320e-02 7.2462179e-02 8.4244967e-02        
  8.5869581e-02 8.5697725e-02 8.5290417e-02]
 [0.0000000e+00 1.6581170e-04 3.2177337e-02 7.3640063e-02 9.4064318e-02        
  9.4303370e-02 8.9603394e-02 8.4045537e-02]
 [0.0000000e+00 1.6698698e-04 3.0317705e-02 6.2625915e-02 7.8363955e-02        
  8.3889470e-02 8.4770247e-02 8.4265530e-02]
 [0.0000000e+00 2.0215652e-04 2.8601134e-02 7.7331200e-02 9.0037651e-02        
  9.2008621e-02 8.9857504e-02 8.5028440e-02]
 [0.0000000e+00 4.2005989e-04 3.4088571e-02 6.3400820e-02 7.5791046e-02        
  7.7978685e-02 7.7972308e-02 7.7138081e-02]
 [0.0000000e+00 1.8246321e-04 3.4071136e-02 6.6296287e-02 7.8753754e-02        
  7.8377172e-02 7.4668795e-02 7.1144283e-02]
 [0.0000000e+00 2.6169402e-04 3.6395859e-02 6.5577120e-02 7.8820646e-02        
  7.9183251e-02 7.8426614e-02 7.8187883e-02]
 [0.0000000e+00 2.8635486e-04 4.3465585e-02 6.7862436e-02 7.8099966e-02        
  7.3459640e-02 7.0432246e-02 7.1553178e-02]
 [0.0000000e+00 3.0681648e-04 4.2835109e-02 6.7476414e-02 8.2092427e-02        
  8.2991131e-02 8.1314757e-02 7.9482377e-02]
 [0.0000000e+00 3.3129693e-04 4.7032427e-02 7.3769823e-02 9.0277344e-02        
  9.2949703e-02 9.0351000e-02 8.6802170e-02]]
 Batch-mean squared error: 5.1115e-02

 (venv) dwalone@DESKTOP-V7A8LNC:~/Differentiable-Patterning$ PYTHONPATH=. python demo/schnakenberg_nca_batch_inference.py --model models/demo/2025-07-dT18-43_TI32_LE5e-4_FI0.5_ST1.0_LOeuclidean.eqx --mix "0:4,1:1,2:3,3:3,4:3"
 Evaluating on 14 trajectories  →  {0: 4, 1: 1, 2: 3, 3: 3, 4: 3}

 Per-trajectory squared error: [[0.         0.00337267 0.03195446 0.03479444 0.03800892 0.04052663
  0.0419403  0.04244241]
 [0.         0.00387072 0.03785715 0.04343513 0.04953598 0.05402512
  0.05670496 0.05845235]
 [0.         0.00334073 0.03642883 0.03770776 0.03965396 0.04127736
  0.04248448 0.04365861]
 [0.         0.0037478  0.02732104 0.03140137 0.03561446 0.04015225
  0.0450961  0.05068497]
 [0.         0.00012007 0.01514335 0.0616409  0.06185999 0.06305361
  0.0651658  0.06853609]
 [0.         0.00017836 0.02329241 0.04822074 0.05143732 0.05331323
  0.05483343 0.05655947]
 [0.         0.00017541 0.02408538 0.06052534 0.06172715 0.06573232
  0.06685854 0.06721898]
 [0.         0.00020599 0.02035917 0.05463094 0.05564089 0.05797284
  0.05954488 0.06107118]
 [0.         0.00027887 0.02560034 0.05939182 0.06065297 0.05921296
  0.0570978  0.05691928]
 [0.         0.00018266 0.02687956 0.06364955 0.07158239 0.0731902
  0.07071514 0.06763943]
 [0.         0.00020027 0.02247544 0.04366153 0.04619858 0.04779182
  0.04941718 0.05275067]
 [0.         0.00022396 0.02784309 0.04922415 0.05198608 0.04976208
  0.04788284 0.04748362]
 [0.         0.00024807 0.02711506 0.04172171 0.04448702 0.0465565
  0.04745171 0.0490416 ]
 [0.         0.00028582 0.03179475 0.04469204 0.04839191 0.05221083
  0.05534814 0.05821026]]
 Batch-mean squared error: 3.6358e-02

 (venv) dwalone@DESKTOP-V7A8LNC:~/Differentiable-Patterning$ PYTHONPATH=. python demo/schnakenberg_nca_batch_inference.py --model models/demo/2025-07-dT19-06_TI32_LE5e-4_FI1.0_ST1.0_LOl1.eqx --mix "0:4,1:1,2:3,3:3,4:3"
 Evaluating on 14 trajectories  →  {0: 4, 1: 1, 2: 3, 3: 3, 4: 3}

 Per-trajectory squared error: [[0.00000000e+00 3.17240623e-03 1.06374212e-02 1.50160268e-02
  1.92801896e-02 2.28004381e-02 2.57914681e-02 2.83895005e-02]
 [0.00000000e+00 3.79913347e-03 1.70362368e-02 2.07823291e-02
  2.48732902e-02 2.91990321e-02 3.19272913e-02 3.34892608e-02]
 [0.00000000e+00 3.29287723e-03 1.08678071e-02 1.01242922e-02
  1.04738604e-02 9.73454583e-03 8.87564942e-03 9.10216849e-03]
 [0.00000000e+00 3.44386138e-03 7.47677870e-03 1.00196451e-02
  1.38371643e-02 1.74618270e-02 2.10642088e-02 2.43126489e-02]
 [0.00000000e+00 4.38899733e-05 1.21747423e-02 1.40330698e-02
  7.86447432e-03 1.64990257e-02 2.54415125e-02 3.50041315e-02]
 [0.00000000e+00 7.98177352e-05 1.77456401e-02 1.06458394e-02
  1.14710983e-02 1.35821067e-02 1.52510274e-02 1.81525946e-02]
 [0.00000000e+00 8.54259051e-05 1.66925266e-02 9.88375023e-03
  8.95793550e-03 1.10631334e-02 1.21368244e-02 1.36038195e-02]
 [0.00000000e+00 9.66396983e-05 1.43240122e-02 1.18725207e-02
  8.02516844e-03 1.20466407e-02 1.58622544e-02 1.80651713e-02]
 [0.00000000e+00 1.96455629e-04 1.59989148e-02 1.02028120e-02
  1.20252920e-02 1.67147610e-02 1.94291845e-02 2.15566121e-02]
 [0.00000000e+00 9.53460330e-05 1.76345371e-02 1.52682662e-02
  1.99891813e-02 2.03825962e-02 2.13371068e-02 2.37025414e-02]
 [0.00000000e+00 1.34273461e-04 1.79794598e-02 1.06862979e-02
  1.41044874e-02 1.61638856e-02 1.76273342e-02 2.03916058e-02]
 [0.00000000e+00 1.43513273e-04 2.04128884e-02 1.00469384e-02
  1.35485344e-02 1.54105350e-02 1.86675936e-02 2.23784633e-02]
 [0.00000000e+00 1.50087260e-04 1.93226822e-02 8.57042428e-03
  1.01935137e-02 1.12469001e-02 1.26161044e-02 1.51313310e-02]
 [0.00000000e+00 1.71574065e-04 2.10360624e-02 8.88220128e-03
  9.63281654e-03 1.10941948e-02 1.34561155e-02 1.74231194e-02]]
 Batch-mean squared error: 1.2216e-02

 (venv) dwalone@DESKTOP-V7A8LNC:~/Differentiable-Patterning$ PYTHONPATH=. python demo/schnakenberg_nca_batch_inference.py --model models/demo/2025-07-dT19-27_TI32_LE5e-4_FI1.0_ST1.0_LOeuclidean.eqx --mix "0:4,1:1,2:3,3:3,4:3"
 Evaluating on 14 trajectories  →  {0: 4, 1: 1, 2: 3, 3: 3, 4: 3}

 Per-trajectory squared error: [[0.0000000e+00 2.9772855e-03 1.4967272e-02 1.7171703e-02 1.8290656e-02
  1.9888820e-02 2.1175258e-02 2.2753313e-02]
 [0.0000000e+00 3.6211396e-03 1.0139395e-02 1.2356343e-02 1.6930787e-02        
  2.2329597e-02 2.7256612e-02 3.1281672e-02]
 [0.0000000e+00 3.0401745e-03 1.2511698e-02 1.1339329e-02 1.1815634e-02        
  1.3661351e-02 1.5243329e-02 1.8024018e-02]
 [0.0000000e+00 3.4253809e-03 1.0314263e-02 1.3141388e-02 1.5650734e-02        
  1.8565312e-02 2.1182058e-02 2.4008831e-02]
 [0.0000000e+00 3.3471806e-05 1.0231625e-02 8.4930025e-03 6.7713954e-03        
  1.4591832e-02 2.4212034e-02 3.4091491e-02]
 [0.0000000e+00 6.1152612e-05 1.5006501e-02 8.8463780e-03 1.6086344e-02        
  2.2939177e-02 2.6247418e-02 2.6784882e-02]
 [0.0000000e+00 6.6374298e-05 1.4025882e-02 7.1154707e-03 1.0755312e-02        
  1.5555770e-02 1.9077538e-02 2.1708958e-02]
 [0.0000000e+00 7.1437127e-05 1.1497286e-02 8.9967530e-03 1.2348883e-02        
  2.1737266e-02 2.7582822e-02 2.8730523e-02]
 [0.0000000e+00 2.0018776e-04 1.5085008e-02 9.6795009e-03 1.5020961e-02        
  2.1836612e-02 2.6462842e-02 2.8535280e-02]
 [0.0000000e+00 7.4418051e-05 1.6149957e-02 1.9581463e-02 2.9390402e-02        
  3.2395840e-02 3.4522876e-02 3.4621667e-02]
 [0.0000000e+00 1.0102498e-04 1.4653008e-02 9.9217203e-03 1.6267655e-02        
  2.2853868e-02 2.7647424e-02 3.0715050e-02]
 [0.0000000e+00 1.1121140e-04 1.7335821e-02 1.2921160e-02 1.8676136e-02        
  2.4043187e-02 2.7458988e-02 2.9959075e-02]
 [0.0000000e+00 1.1688473e-04 1.6143303e-02 1.0219703e-02 1.4671969e-02        
  2.0247411e-02 2.2949688e-02 2.4295708e-02]
 [0.0000000e+00 1.3312782e-04 1.6701641e-02 9.8356400e-03 1.4190093e-02        
  1.9628961e-02 2.3028251e-02 2.5342222e-02]]
 Batch-mean squared error: 1.4290e-02

 (venv) dwalone@DESKTOP-V7A8LNC:~/Differentiable-Patterning$ PYTHONPATH=. python demo/schnakenberg_nca_batch_inference.py --model models/demo/2025-07-dT23-50_TI32_LE1e-4_FI0.5_ST1.0_LOl1.eqx --mix "0:4,1:1,2:3,3:3,4:3"
 Evaluating on 14 trajectories  →  {0: 4, 1: 1, 2: 3, 3: 3, 4: 3}

 Per-trajectory squared error: [[0.         0.00498644 0.05776607 0.05517176 0.06050447 0.0635706
  0.06631419 0.07038981]
 [0.         0.00622584 0.05799098 0.05251978 0.05876641 0.0626807
  0.06646647 0.07059716]
 [0.         0.00530298 0.05904463 0.05544571 0.06150465 0.06436144
  0.06606881 0.07006162]
 [0.         0.00591642 0.05952922 0.05633325 0.06205105 0.06599043
  0.06814769 0.07163672]
 [0.         0.00010302 0.02116467 0.05964325 0.06979854 0.07265262
  0.0713873  0.07571102]
 [0.         0.00017352 0.03252701 0.05993553 0.07016477 0.077408
  0.07462007 0.07574378]
 [0.         0.00017921 0.03098765 0.06004871 0.07486979 0.08409613
  0.0806797  0.08178985]
 [0.         0.00020775 0.02786972 0.06194159 0.07243439 0.07945238
  0.07782515 0.07911822]
 [0.         0.0004401  0.03553456 0.0625024  0.07737432 0.08334087
  0.07914107 0.0798807 ]
 [0.         0.00020803 0.03531723 0.06311192 0.08099938 0.08638865
  0.08115068 0.08191839]
 [0.         0.0002769  0.03781302 0.06467307 0.07895078 0.08368599
  0.07744137 0.07745452]
 [0.         0.0002986  0.04415414 0.06342752 0.0756013  0.07876376
  0.07527284 0.07684931]
 [0.         0.00032476 0.04389767 0.06315385 0.07469868 0.07996722
  0.07625733 0.07787648]
 [0.         0.00034342 0.04758193 0.06475345 0.07524494 0.07587941
  0.07171241 0.07414113]]
 Batch-mean squared error: 5.0051e-02

 (venv) dwalone@DESKTOP-V7A8LNC:~/Differentiable-Patterning$ PYTHONPATH=. python demo/schnakenberg_nca_batch_inference.py --model models/demo/2025-07-dT00-11_TI32_LE1e-4_FI0.5_ST1.0_LOeuclidean.eqx --mix "0:4,1:1,2:3,3:3,4:3"
 Evaluating on 14 trajectories  →  {0: 4, 1: 1, 2: 3, 3: 3, 4: 3}

 Per-trajectory squared error: [[0.         0.00472204 0.0510766  0.04776463 0.05071187 0.0560678
  0.05750237 0.05872162]
 [0.         0.00593464 0.05171958 0.0494913  0.05437776 0.05725538
  0.05861578 0.0599011 ]
 [0.         0.00506146 0.05357508 0.05160763 0.05149496 0.05259943
  0.05301867 0.05288431]
 [0.         0.0055597  0.05333723 0.05285171 0.05592332 0.05822733
  0.05979608 0.06178668]
 [0.         0.00011469 0.02140466 0.06776349 0.06639412 0.06342937
  0.06452455 0.0676963 ]
 [0.         0.00020118 0.0349571  0.07479682 0.07846139 0.07409475
  0.07352139 0.07370122]
 [0.         0.0001782  0.02935575 0.05808187 0.06212579 0.06368892
  0.06499918 0.06591714]
 [0.         0.00021465 0.02836315 0.06754173 0.06322104 0.06266437
  0.06510975 0.06604749]
 [0.         0.00041203 0.03431091 0.06098952 0.0648884  0.06515907
  0.06543584 0.06681813]
 [0.         0.00019775 0.03510377 0.06282465 0.06464584 0.0652155
  0.06510279 0.06512866]
 [0.         0.00026095 0.03656504 0.06553071 0.06515497 0.06405687
  0.06410952 0.06448688]
 [0.         0.00031342 0.04434215 0.06812388 0.06805001 0.06560825
  0.0658401  0.0668831 ]
 [0.         0.00029853 0.04194064 0.06090178 0.06264874 0.06130543
  0.06097097 0.06083792]
 [0.         0.00033433 0.04656149 0.0671252  0.07074663 0.07032259
  0.07148062 0.07332346]]
 Batch-mean squared error: 4.4594e-02

 (venv) dwalone@DESKTOP-V7A8LNC:~/Differentiable-Patterning$ PYTHONPATH=. python demo/schnakenberg_nca_batch_inference.py --model models/demo/2025-07-dT00-32_TI32_LE1e-4_FI1.0_ST1.0_LOl1.eqx --mix "0:4,1:1,2:3,3:3,4:3"
 Evaluating on 14 trajectories  →  {0: 4, 1: 1, 2: 3, 3: 3, 4: 3}

 Per-trajectory squared error: [[0.0000000e+00 3.3811009e-03 1.6733708e-02 2.4036441e-02 2.7948081e-02
  3.0095918e-02 3.2341219e-02 3.4850392e-02]
 [0.0000000e+00 4.2116148e-03 2.0314718e-02 2.4815619e-02 2.8910588e-02        
  3.3005469e-02 3.6741428e-02 3.9301381e-02]
 [0.0000000e+00 3.5417820e-03 1.4072422e-02 1.2564418e-02 1.2819677e-02        
  1.4069849e-02 1.6372561e-02 1.8720582e-02]
 [0.0000000e+00 3.8726039e-03 1.4851419e-02 1.7680006e-02 2.0169118e-02        
  2.3739632e-02 2.7744265e-02 3.1755775e-02]
 [0.0000000e+00 4.4667093e-05 1.4531254e-02 3.2639246e-02 3.9692756e-02        
  4.7708735e-02 5.8691733e-02 6.7112543e-02]
 [0.0000000e+00 8.1218612e-05 2.1496207e-02 2.9041644e-02 4.0586747e-02        
  4.7416173e-02 5.5793311e-02 6.2977284e-02]
 [0.0000000e+00 8.5879714e-05 2.0283576e-02 2.8243840e-02 3.7732385e-02        
  4.5566469e-02 5.4098740e-02 6.1808903e-02]
 [0.0000000e+00 9.7981290e-05 1.7639112e-02 2.8169468e-02 3.7287790e-02        
  4.7889333e-02 6.0947448e-02 7.0337132e-02]
 [0.0000000e+00 1.7752340e-04 2.1383828e-02 2.6521277e-02 3.5012387e-02        
  4.3094665e-02 5.2839324e-02 6.0030758e-02]
 [0.0000000e+00 9.8975084e-05 2.2001758e-02 2.7925268e-02 3.9820775e-02        
  4.3498546e-02 4.9745657e-02 5.7634201e-02]
 [0.0000000e+00 1.3546199e-04 2.2554982e-02 2.5321575e-02 3.3977475e-02        
  4.0286869e-02 4.9079329e-02 5.7164185e-02]
 [0.0000000e+00 1.4689978e-04 2.5709186e-02 2.1278972e-02 2.9426508e-02        
  3.4438152e-02 4.2812601e-02 5.1012635e-02]
 [0.0000000e+00 1.5298909e-04 2.4954095e-02 2.2283796e-02 2.8178247e-02        
  3.1887386e-02 3.8030870e-02 4.5320094e-02]
 [0.0000000e+00 1.7232302e-04 2.6911918e-02 2.2578817e-02 2.8754659e-02        
  3.4079116e-02 4.3075874e-02 5.2917778e-02]]
 Batch-mean squared error: 2.6153e-02

 (venv) dwalone@DESKTOP-V7A8LNC:~/Differentiable-Patterning$ PYTHONPATH=. python demo/schnakenberg_nca_batch_inference.py --model models/demo/2025-07-dT00-54_TI32_LE1e-4_FI1.0_ST1.0_LOeuclidean.eqx --mix "0:4,1:1,2:3,3:3,4:3"
 Evaluating on 14 trajectories  →  {0: 4, 1: 1, 2: 3, 3: 3, 4: 3}

 Per-trajectory squared error: [[0.0000000e+00 4.8601385e-03 2.9824723e-02 2.7318910e-02 2.9144894e-02
  2.9844392e-02 3.1412568e-02 3.3080794e-02]
 [0.0000000e+00 6.0542901e-03 3.2874852e-02 3.5042632e-02 3.8813062e-02        
  4.1043535e-02 4.2224299e-02 4.2782009e-02]
 [0.0000000e+00 5.1673627e-03 3.4602962e-02 2.3881871e-02 2.4560932e-02        
  2.6282340e-02 2.8048027e-02 3.0345995e-02]
 [0.0000000e+00 5.7405592e-03 2.9993180e-02 2.4937112e-02 2.6462913e-02        
  2.8443180e-02 3.0893892e-02 3.3469617e-02]
 [0.0000000e+00 6.2393359e-05 1.3100165e-02 2.3978276e-02 1.8274520e-02        
  2.7336039e-02 3.6744513e-02 4.4847932e-02]
 [0.0000000e+00 1.0986981e-04 1.8974001e-02 1.9912455e-02 1.9954391e-02        
  2.5449788e-02 2.9253559e-02 3.4172073e-02]
 [0.0000000e+00 1.1542050e-04 1.7747616e-02 1.8317122e-02 1.9503312e-02        
  2.8259847e-02 3.5785235e-02 4.2557843e-02]
 [0.0000000e+00 1.3235435e-04 1.6093425e-02 2.1593446e-02 1.6829854e-02        
  2.6062706e-02 3.4397393e-02 4.1650437e-02]
 [0.0000000e+00 3.3447752e-04 2.1376006e-02 1.9761473e-02 1.9662583e-02        
  2.7340744e-02 3.1845503e-02 3.5478000e-02]
 [0.0000000e+00 1.2807008e-04 1.8254057e-02 1.8580392e-02 2.4841793e-02        
  2.8187491e-02 3.0768242e-02 3.3698246e-02]
 [0.0000000e+00 1.8084148e-04 1.9685525e-02 1.8140888e-02 2.0765347e-02        
  2.6202830e-02 3.1438518e-02 3.7649598e-02]
 [0.0000000e+00 1.9470422e-04 2.2049148e-02 1.4692045e-02 1.7174482e-02        
  2.1187890e-02 2.5075618e-02 2.9412888e-02]
 [0.0000000e+00 2.0613399e-04 2.1234090e-02 1.3206674e-02 1.4107551e-02        
  1.7600372e-02 2.1208674e-02 2.5883047e-02]
 [0.0000000e+00 2.2647472e-04 2.2406640e-02 1.3990919e-02 1.7438458e-02        
  2.2951879e-02 2.9166667e-02 3.6829866e-02]]
 Batch-mean squared error: 2.0169e-02

 (venv) dwalone@DESKTOP-V7A8LNC:~/Differentiable-Patterning$ PYTHONPATH=. python demo/schnakenberg_nca_batch_inference.py --model models/demo/2025-07-dT01-54_TI64_LE5e-4_FI0.5_ST1.0_LOl1.eqx --mix "0:4,1:1,2:3,3:3,4:3"
 Evaluating on 14 trajectories  →  {0: 4, 1: 1, 2: 3, 3: 3, 4: 3}

 Per-trajectory squared error: [[0.0000000e+00 4.9798470e-03 5.9662059e-02 5.8068894e-02 5.2347835e-02
  5.9518341e-02 6.0114227e-02 5.8100577e-02]
 [0.0000000e+00 6.1995573e-03 5.9886068e-02 5.4811008e-02 5.4292463e-02        
  7.0376500e-02 7.6244131e-02 7.8881249e-02]
 [0.0000000e+00 5.2793892e-03 6.0530230e-02 5.6771960e-02 4.8611298e-02        
  5.5353530e-02 5.7810575e-02 5.8821760e-02]
 [0.0000000e+00 5.8758059e-03 6.0168002e-02 5.3380668e-02 4.2828824e-02        
  4.8082918e-02 5.0691970e-02 5.2531995e-02]
 [0.0000000e+00 8.6227068e-05 2.0375092e-02 5.4044589e-02 5.4102585e-02        
  7.2620593e-02 8.4714115e-02 8.3076209e-02]
 [0.0000000e+00 1.5929408e-04 3.2147337e-02 5.8289751e-02 6.4583160e-02        
  8.2028739e-02 9.4645366e-02 9.0759449e-02]
 [0.0000000e+00 1.6354403e-04 3.0617552e-02 5.6756221e-02 5.9783056e-02        
  8.1195451e-02 9.0550415e-02 8.5244238e-02]
 [0.0000000e+00 1.8644129e-04 2.7206969e-02 5.5625610e-02 5.4879621e-02        
  7.3672801e-02 8.8032596e-02 8.7985545e-02]
 [0.0000000e+00 4.0615952e-04 3.4515075e-02 5.6079667e-02 5.6084055e-02        
  7.1186528e-02 7.7501409e-02 7.1935602e-02]
 [0.0000000e+00 1.8400370e-04 3.4476608e-02 5.8725201e-02 6.7770422e-02        
  9.5967203e-02 1.0979418e-01 1.0629018e-01]
 [0.0000000e+00 2.5722181e-04 3.6571208e-02 5.6511231e-02 5.7069741e-02        
  7.3977835e-02 7.9851180e-02 7.7476375e-02]
 [0.0000000e+00 2.8352317e-04 4.3858331e-02 5.9902161e-02 6.2410034e-02        
  8.1203140e-02 8.9389250e-02 8.6336456e-02]
 [0.0000000e+00 3.0042650e-04 4.3421287e-02 5.9716903e-02 6.0390696e-02        
  7.5273529e-02 8.6215824e-02 8.0839068e-02]
 [0.0000000e+00 3.1849771e-04 4.6630904e-02 5.9011344e-02 5.6712173e-02        
  6.2188454e-02 6.4303719e-02 6.2198602e-02]]
 Batch-mean squared error: 4.8190e-02

 (venv) dwalone@DESKTOP-V7A8LNC:~/Differentiable-Patterning$ PYTHONPATH=. python demo/schnakenberg_nca_batch_inference.py --model models/demo/2025-07-dT02-56_TI64_LE5e-4_FI1.0_ST1.0_LOl1.eqx --mix "0:4,1:1,2:3,3:3,4:3"
 Evaluating on 14 trajectories  →  {0: 4, 1: 1, 2: 3, 3: 3, 4: 3}

 Per-trajectory squared error: [[0.         0.00521188 0.05340356 0.0272706  0.02689724 0.02846169
  0.03025576 0.03121202]
 [0.         0.0064207  0.05333982 0.0247716  0.02476462 0.02779789
  0.03144249 0.03380375]
 [0.         0.00550323 0.05432324 0.02467875 0.01920884 0.01874467
  0.01893215 0.01937974]
 [0.         0.00609998 0.05356427 0.02014963 0.01686703 0.01993266
  0.02399706 0.027381  ]
 [0.         0.000339   0.01997745 0.05116588 0.04209805 0.02866583
  0.02862517 0.03790607]
 [0.         0.00040737 0.03129711 0.05181256 0.04534467 0.03790521
  0.04026144 0.04061811]
 [0.         0.00041198 0.02986922 0.05128331 0.04273494 0.03271089
  0.03427247 0.03528126]
 [0.         0.00043731 0.02655815 0.05068809 0.04236165 0.03626756
  0.04588359 0.05237128]
 [0.         0.00065681 0.03359561 0.05009485 0.04072016 0.03166824
  0.03170845 0.0320923 ]
 [0.         0.000432   0.03352816 0.05218591 0.04554818 0.0383085
  0.04090381 0.04113036]
 [0.         0.0005065  0.03565869 0.05010109 0.03917316 0.0313892
  0.0347133  0.03580008]
 [0.         0.00052533 0.0423727  0.04992264 0.03702887 0.02952011
  0.0328303  0.03505652]
 [0.         0.00054484 0.04207901 0.04977442 0.0365807  0.02785339
  0.02776346 0.0272623 ]
 [0.         0.00056617 0.04530645 0.04948512 0.03466299 0.02853643
  0.03021289 0.03217937]]
 Batch-mean squared error: 2.7066e-02

 (venv) dwalone@DESKTOP-V7A8LNC:~/Differentiable-Patterning$ PYTHONPATH=. python demo/schnakenberg_nca_batch_inference.py --model models/demo/2025-07-dT03-59_TI64_LE1e-4_FI0.5_ST1.0_LOl1.eqx --mix "0:4,1:1,2:3,3:3,4:3"
 Evaluating on 14 trajectories  →  {0: 4, 1: 1, 2: 3, 3: 3, 4: 3}

 Per-trajectory squared error: [[0.0000000e+00 5.1165493e-03 6.0982317e-02 6.2534899e-02 6.2690109e-02
  6.7644469e-02 7.2169423e-02 7.3762931e-02]
 [0.0000000e+00 6.3704960e-03 6.2043067e-02 6.2551424e-02 6.5669566e-02        
  7.4641451e-02 7.8294486e-02 7.7813923e-02]
 [0.0000000e+00 5.4254262e-03 6.2085390e-02 6.2526792e-02 6.1290540e-02        
  6.4552337e-02 6.6757128e-02 6.8080775e-02]
 [0.0000000e+00 6.0482188e-03 6.2165618e-02 6.1585009e-02 5.9151508e-02        
  6.1198205e-02 6.3917570e-02 6.6956133e-02]
 [0.0000000e+00 9.2751754e-05 2.0528553e-02 5.5348001e-02 5.9388302e-02        
  7.2443120e-02 7.7020258e-02 7.6206326e-02]
 [0.0000000e+00 1.7015837e-04 3.2450266e-02 5.8563545e-02 6.5663606e-02        
  7.7529699e-02 8.1320979e-02 7.8560203e-02]
 [0.0000000e+00 1.7336270e-04 3.0813161e-02 5.7841718e-02 6.3954771e-02        
  7.5148508e-02 7.8379512e-02 7.6019809e-02]
 [0.0000000e+00 2.0037948e-04 2.7550837e-02 5.7157479e-02 6.2031217e-02        
  7.4151725e-02 7.8975663e-02 7.7009805e-02]
 [0.0000000e+00 4.2580676e-04 3.4909170e-02 5.7895482e-02 6.3737221e-02        
  7.3725179e-02 7.6484114e-02 7.4129537e-02]
 [0.0000000e+00 1.9693046e-04 3.4616202e-02 5.8732063e-02 6.4838782e-02        
  7.3962122e-02 7.8319564e-02 7.7028900e-02]
 [0.0000000e+00 2.6813243e-04 3.6858138e-02 5.8668464e-02 6.3679203e-02        
  7.2828174e-02 7.6176837e-02 7.4944437e-02]
 [0.0000000e+00 2.9704499e-04 4.4001229e-02 6.0725868e-02 6.5527000e-02        
  7.4894816e-02 7.9530969e-02 7.7564731e-02]
 [0.0000000e+00 3.1766319e-04 4.3937389e-02 6.1126586e-02 6.5907292e-02        
  7.4904554e-02 7.9294927e-02 7.8069299e-02]
 [0.0000000e+00 3.3966714e-04 4.7256015e-02 6.1373778e-02 6.6020474e-02        
  7.5149447e-02 7.7849038e-02 7.5444452e-02]]
 Batch-mean squared error: 4.8935e-02

 (venv) dwalone@DESKTOP-V7A8LNC:~/Differentiable-Patterning$ PYTHONPATH=. python demo/schnakenberg_nca_batch_inference.py --model models/demo/2025-07-dT05-06_TI64_LE1e-4_FI1.0_ST1.0_LOl1.eqx --mix "0:4,1:1,2:3,3:3,4:3"
 Evaluating on 14 trajectories  →  {0: 4, 1: 1, 2: 3, 3: 3, 4: 3}

 Per-trajectory squared error: [[0.         0.00512812 0.06099581 0.05965726 0.03926388 0.03059089
  0.02889013 0.02840004]
 [0.         0.00636637 0.06171489 0.05808159 0.038013   0.03409312
  0.03456586 0.03669878]
 [0.         0.00542213 0.06204569 0.05987663 0.04100306 0.03361727
  0.02902825 0.02826898]
 [0.         0.00604094 0.06230795 0.05911852 0.03762548 0.03225909
  0.03203812 0.03482263]
 [0.         0.00014701 0.02047482 0.05458864 0.05461756 0.05471952
  0.05819885 0.05939837]
 [0.         0.00021995 0.03221941 0.05783403 0.06101475 0.05862791
  0.05897256 0.05862599]
 [0.         0.0002249  0.03079603 0.05730693 0.05943792 0.05768187
  0.05948537 0.05872771]
 [0.         0.00025102 0.02748251 0.05667836 0.05830276 0.06002734
  0.06657358 0.06753692]
 [0.         0.00047934 0.03489413 0.05740681 0.05909002 0.05428184
  0.05298388 0.05336085]
 [0.         0.00024609 0.03458646 0.05851629 0.06229986 0.05770084
  0.05679537 0.0555236 ]
 [0.         0.00032481 0.03699974 0.0586731  0.05985264 0.05321215
  0.05137396 0.05277833]
 [0.         0.00034544 0.0439587  0.06016883 0.06027647 0.04934664
  0.04304496 0.04221379]
 [0.         0.00036595 0.04375898 0.06045603 0.06069585 0.04961823
  0.04232045 0.04110595]
 [0.         0.0003889  0.04710271 0.06075088 0.06075595 0.04952715
  0.04284177 0.0440579 ]]
 Batch-mean squared error: 3.7416e-02

 (venv) dwalone@DESKTOP-V7A8LNC:~/Differentiable-Patterning$ PYTHONPATH=. python demo/schnakenberg_nca_batch_inference.py --model models/demo/2025-07-dT12-25_TI64_LE5e-4_FI0.5_ST1.0_LOeuclidean.eqx --mix "0:4,1:1,2:3,3:3,4:3"
 Evaluating on 14 trajectories  →  {0: 4, 1: 1, 2: 3, 3: 3, 4: 3}

 Per-trajectory squared error: [[0.         0.00517284 0.06088005 0.06208614 0.05599093 0.06000011
  0.05474864 0.05687082]
 [0.         0.00646779 0.0618738  0.0614072  0.05624061 0.06433388
  0.06091677 0.06341923]
 [0.         0.00545614 0.06181545 0.0618547  0.05440661 0.06238462
  0.05808716 0.05856892]
 [0.         0.00612594 0.06247786 0.06295003 0.05997673 0.07150902
  0.06390148 0.06336041]
 [0.         0.0001247  0.02056693 0.05615036 0.06076412 0.0846619
  0.06718749 0.06482048]
 [0.         0.00020292 0.03212702 0.05849625 0.06241272 0.07818598
  0.06913148 0.06610382]
 [0.         0.00021278 0.03090081 0.05823993 0.06255247 0.07926822
  0.06538517 0.06347989]
 [0.         0.00022455 0.02733901 0.05712347 0.06080274 0.08416202
  0.07257314 0.06968397]
 [0.         0.00046525 0.03502413 0.05892575 0.06657857 0.08979259
  0.07442672 0.06955852]
 [0.         0.00022496 0.03443662 0.05927414 0.06670311 0.08703654
  0.07077277 0.06754572]
 [0.         0.000308   0.03699531 0.05948514 0.06359763 0.07865499
  0.06579327 0.06464611]
 [0.         0.00031804 0.04390655 0.06088217 0.06521253 0.083636
  0.0695594  0.06736064]
 [0.         0.00034627 0.04372942 0.06110778 0.06236658 0.07666036
  0.06683533 0.06233373]
 [0.         0.00037466 0.04709063 0.06185709 0.06586619 0.08424149
  0.06999942 0.0658628 ]]
 Batch-mean squared error: 4.6839e-02

 (venv) dwalone@DESKTOP-V7A8LNC:~/Differentiable-Patterning$ PYTHONPATH=. python demo/schnakenberg_nca_batch_inference.py --model models/demo/2025-07-dT12-59_TI64_LE5e-4_FI1.0_ST1.0_LOeuclidean.eqx --mix "0:4,1:1,2:3,3:3,4:3"
 Evaluating on 14 trajectories  →  {0: 4, 1: 1, 2: 3, 3: 3, 4: 3}

 Per-trajectory squared error: [[0.         0.00548666 0.05428779 0.02786788 0.01813577 0.01645532
  0.01602476 0.01565659]
 [0.         0.0067209  0.05430206 0.02658369 0.02388195 0.0298829
  0.03498108 0.03844055]
 [0.         0.00578279 0.0552497  0.02523165 0.01535553 0.01563187
  0.01615504 0.01727472]
 [0.         0.00639616 0.05405635 0.02150206 0.01816203 0.02183226
  0.02618345 0.03020609]
 [0.         0.00049944 0.01999238 0.05100549 0.04187212 0.02860367
  0.02936994 0.03898929]
 [0.         0.00056994 0.03127743 0.05163061 0.04464553 0.03660895
  0.03727744 0.03775932]
 [0.         0.00057479 0.02987923 0.05118689 0.04227778 0.03260157
  0.03451352 0.03599569]
 [0.         0.00060039 0.0265216  0.05056474 0.04247922 0.03777463
  0.04720689 0.05442533]
 [0.         0.00082235 0.03350621 0.04978754 0.04025915 0.03188954
  0.03131598 0.0328527 ]
 [0.         0.00059528 0.03348865 0.05120641 0.04333538 0.03816894
  0.04166859 0.04180929]
 [0.         0.0006717  0.03558715 0.04988489 0.03834409 0.03161719
  0.03450294 0.0363966 ]
 [0.         0.00069157 0.04226382 0.04940003 0.03561919 0.02981383
  0.03387959 0.03679829]
 [0.         0.00071141 0.04194044 0.04928755 0.03546333 0.02870203
  0.03089842 0.03311562]
 [0.         0.00073362 0.04528239 0.0493232  0.03360725 0.02911584
  0.03105492 0.03341494]]
 Batch-mean squared error: 2.6815e-02

 (venv) dwalone@DESKTOP-V7A8LNC:~/Differentiable-Patterning$ PYTHONPATH=. python demo/schnakenberg_nca_batch_inference.py --model models/demo/2025-07-dT13-31_TI64_LE1e-4_FI0.5_ST1.0_LOeuclidean.eqx --mix "0:4,1:1,2:3,3:3,4:3"
 Evaluating on 14 trajectories  →  {0: 4, 1: 1, 2: 3, 3: 3, 4: 3}

 Per-trajectory squared error: [[0.         0.00527615 0.0612589  0.06243857 0.05997104 0.06578201
  0.06316411 0.06053919]
 [0.         0.00658252 0.06221459 0.06178831 0.06046138 0.07051326
  0.07435165 0.07369977]
 [0.         0.00562148 0.06248615 0.06325809 0.06135125 0.0688808
  0.06982063 0.06668178]
 [0.         0.00623674 0.06280936 0.06320514 0.06142506 0.06962562
  0.06904098 0.06668806]
 [0.         0.00022627 0.02037094 0.05346606 0.05037192 0.0574423
  0.05919259 0.06053165]
 [0.         0.00030171 0.03235865 0.05852812 0.06312934 0.07440133
  0.0743193  0.06955719]
 [0.         0.00030561 0.03083609 0.05779667 0.06211334 0.07616109
  0.07788096 0.07210585]
 [0.         0.00033741 0.02765665 0.05897212 0.06858142 0.09078776
  0.09663386 0.08930317]
 [0.         0.00055786 0.03487034 0.05727734 0.06034388 0.07280514
  0.07376797 0.06968296]
 [0.         0.00033485 0.03470561 0.05923224 0.06539084 0.0769261
  0.07737638 0.07291146]
 [0.         0.00040749 0.03693523 0.05921465 0.06286633 0.07280864
  0.07229473 0.06930313]
 [0.         0.00042663 0.04398954 0.06055941 0.0632488  0.0733145
  0.07372959 0.07129343]
 [0.         0.00044665 0.04379087 0.06126796 0.06485431 0.07440877
  0.0727829  0.06864458]
 [0.         0.00047524 0.04718986 0.06203327 0.06798562 0.08226626
  0.0847363  0.07999443]]
 Batch-mean squared error: 4.8181e-02

 (venv) dwalone@DESKTOP-V7A8LNC:~/Differentiable-Patterning$ PYTHONPATH=. python demo/schnakenberg_nca_batch_inference.py --model models/demo/2025-07-dT14-02_TI64_LE1e-4_FI1.0_ST1.0_LOeuclidean.eqx --mix "0:4,1:1,2:3,3:3,4:3"
 Evaluating on 14 trajectories  →  {0: 4, 1: 1, 2: 3, 3: 3, 4: 3}

 Per-trajectory squared error: [[0.         0.06100639 0.05433883 0.07049713 0.07095388 0.07388157
  0.0770174  0.08006386]
 [0.         0.06188439 0.05536772 0.08399929 0.07992871 0.07873183
  0.07761145 0.07748847]
 [0.         0.06212241 0.04855393 0.0576489  0.05838655 0.06388807
  0.0678221  0.07103381]
 [0.         0.0623237  0.04736092 0.06535967 0.06971992 0.07413043
  0.07686421 0.07905459]
 [0.         0.02016516 0.04799696 0.03132879 0.04174506 0.04397495
  0.04753166 0.05112906]
 [0.         0.03175427 0.05118367 0.03763403 0.03936373 0.04211899
  0.04190069 0.04228154]
 [0.         0.03035654 0.04926681 0.0351296  0.03799105 0.04110318
  0.04257948 0.04465194]
 [0.         0.02706009 0.04934143 0.04347216 0.05158408 0.05403768
  0.05405816 0.05426341]
 [0.         0.03441796 0.04765706 0.03304274 0.03665714 0.04008257
  0.04086643 0.04191698]
 [0.         0.03410519 0.05036832 0.03899349 0.03965455 0.04233225
  0.04473567 0.04581254]
 [0.         0.03646306 0.04600048 0.03494613 0.04024872 0.04894929
  0.05549794 0.05804842]
 [0.         0.04336816 0.04361347 0.03042814 0.03250941 0.03268627
  0.03257992 0.03345611]
 [0.         0.04314949 0.04323831 0.02749725 0.02979151 0.03477184
  0.03972671 0.04283132]
 [0.         0.04650366 0.04207243 0.03118113 0.03493724 0.03876202
  0.04169935 0.04386342]]
 Batch-mean squared error: 4.2603e-02